28.535538505297154
29.575861702207476
30.566387728322297
31.607923418283463
32.59886386804283
33.63924388913438
34.630017361138016
35.67171435104683
36.66219636704773
37.70316820591688
38.69407188612968
39.73534242110327
40.72553631430492
41.766579611226916
42.75737719703466
43.79857158707455
44.78885214589536
45.83019564906135
46.82106104725972
47.861979293171316
48.85236266395077
49.89385929098353
50.88445031596348
51.92537663504481
52.91588719189167
53.95757402619347
54.94797682296485
55.98898954829201
56.97955901129171
58.021173710003495
59.01139468513429
60.05256667919457
61.04311780910939
62.08469594595954
63.07465129811317
64.11618641531095
65.10671561816707
66.14801005925983
67.13813452422619
68.18001411808655
69.170308270026
70.21147791994736
71.20182488393039
72.24353802017868
73.23378373496234
74.2749606249854
75.26541644195095
76.30710457917303
77.29720597108826
78.33867686986923
79.32896409416571
80.37060462730005
81.36059003090486
82.4022933752276
83.39257679786533
84.43394097825512
85.42395044397563
86.46589779807255
87.45600075321272
88.49742258898914
89.48751627327874
90.52956617809832
91.5193262710236
92.56097513623536
93.55100804008543
94.59277784219012
95.58257137192413
96.62435846589506
97.61438199412078
98.65612179692835
99.64583235932514
100.68784908624366
101.67781261494383
102.71952429320663
103.70934688532725
104.75141876889393
105.74124224623665
106.78297704923898
107.77281370386481
108.81495115999132
109.80470797093585
110.84641824197024
111.83634286513552
112.87839058227837
113.86807900900021
114.90992256021127
115.89982270402834
116.94184542121366
117.93139452626929
118.97354437690228
119.96328509505838
121.00530062522739
121.9947215532884
123.03708536131307
124.02679284987971
125.06888353498653
126.05839956691489
127.10084525030106
128.0902102412656
129.13242243602872
