32.19936338905245
33.18328138301149
34.234414767008275
35.21841812506318
36.26962921721861
37.25352033600211
38.30466090794653
39.28876655595377
40.33994723204523
41.32382142404094
42.375001057982445
43.35902035329491
44.41020368412137
45.394031106028706
46.44523568730801
47.42940211715177
48.48053649114445
49.464274225290865
50.51559776393697
51.49948940426111
52.55078622419387
53.53455703193322
54.585967340972275
55.56981012690812
56.6211071042344
57.60487171309069
58.65640530316159
59.64013152709231
60.691642044112086
61.67525717522949
62.726838680915534
63.71047318726778
64.7619366729632
65.74562638718635
66.79714263323694
67.78086812794209
68.83240359229967
69.81599554605782
70.867505595088
71.85109353810549
72.90272702323273
73.88634043605998
74.93796819122508
75.92138754203916
76.97315722424537
77.95661339815706
79.00830849725753
79.99178102519363
81.04350893618539
82.02695432910696
83.07871244801208
84.06205362221226
85.11397731397301
86.09733369620517
87.1490925452672
88.13242517830804
89.18432017089799
90.16755322134122
91.21947363112122
92.20272647310048
93.25463776895776
94.23782159993425
95.28982930118218
96.27304068533704
97.32500151125714
98.30815367726609
99.36012226296589
100.34329406404868
101.39532410912216
102.37842002417892
103.43047928716987
104.41359244193882
105.4656921220012
106.44870319403708
107.50087037403136
108.48380170715973
109.5359059702605
110.51883980305865
111.57103635696694
112.55397279420868
113.60636023199186
114.58919844124466
115.6414809320122
116.62446513026953
117.67664439231157
118.65951353823766
119.71187582006678
120.694686321076
121.74703719699755
122.72978436527774
123.78223289595917
124.76491199200973
125.81731140892953
126.80008618021384
127.85248241992667
128.83514323504642
129.8876065579243
130.87017841404304
131.92284012120217
132.90541468607262
