35.70553976204246
36.766206114087254
37.72391650220379
38.78485446795821
39.742553503252566
40.8034063661471
41.761047068983316
42.82190837012604
43.779580948874354
44.84082016488537
45.7982212882489
46.85932936100289
47.816783817950636
48.8776947571896
49.83512780908495
50.89649692317471
51.85385310091078
52.91516018519178
53.872374698054045
54.93370167911053
55.890963016077876
56.95234296610579
57.90960925118998
58.97099071322009
59.92811923986301
60.989527160301805
61.94668370811269
63.00820532720536
63.96529562631622
65.0268729752861
65.98392061889172
67.04549708310515
68.00242332322523
69.06411905726418
70.02104967320338
71.08275030413643
72.03951842198148
73.10120332520455
74.05791165214032
75.11985374195501
76.07646196708083
77.1382942139171
78.09497655415908
79.15676895901561
80.11340822605416
81.17549359891564
82.13194901496172
83.19402068993077
84.15042194025591
85.21251356508583
86.1689878879115
87.231215137057
88.1877193050459
89.24984900420532
90.20626890193671
91.26843917416409
92.22476501110941
93.28710538707674
94.24347112094983
95.30578337330371
96.26195369195193
97.32422573724762
98.28031761897728
99.34283435111865
100.29892639117315
101.36134697822854
102.31747308094054
103.37993174185976
104.3359369081445
105.39858353789896
106.35452719498426
107.41715288814157
108.37297508819029
109.435744530987
110.39148569107056
111.45433737430722
112.41007744101807
113.47286735428497
114.428612110205
115.49149332521483
116.44714261312038
117.51017257804051
118.46569218114018
119.52863407414407
120.48424815619364
121.5471465610899
122.5026225191541
123.56577358022332
124.52122714323923
125.58433549618348
126.5396331762895
127.60277845710516
128.55818613618612
129.62138891685754
130.57679258706048
131.63992526615039
132.59528508316725
133.65851640701294
134.6139382030815
135.67732582893223
