46.18746178690344
46.727517656981945
48.20250209607184
48.74347645090893
50.21693418128416
50.75617995299399
52.2318747532554
52.77147005405277
54.24642579630017
54.784960999153554
56.26130803488195
56.79952876130119
58.276042150333524
58.81409298116341
60.29070699494332
60.82790106115863
62.30575782712549
62.842783039901406
64.32016038196161
64.85621409211308
66.33512168424204
66.87155346432701
68.34975132206455
68.88500540098175
70.3649711641483
70.90018977504224
72.37969804229215
72.91431837528944
74.39450731407851
74.92851452715695
76.40930940024555
76.94314223900437
78.42416361998767
78.95695334114134
80.43868310423568
80.97152199130505
82.45335383713245
82.9856218942441
84.46829472389072
84.99998439988121
86.4829348330386
87.01392987789586
88.49769754521549
89.02831425890326
90.51238832995296
91.04272364033386
92.52703422028571
93.05646083829924
94.54174037091434
95.07107777101919
96.55646761506796
97.08458637725562
98.57145720208064
99.09928112197667
100.58591064624488
101.11306212330237
102.60073929699138
103.1275055683218
104.61545326095074
105.14170911815017
106.63024519290775
107.15584105532616
108.64507905300707
109.17041575023904
110.65970911225304
111.18395769130439
112.6745679709129
113.19895785208791
114.68911266699433
115.21254687616602
116.70408579707146
117.22687084414065
118.71869971090928
119.24079960631207
120.7334214891307
121.25491180503741
122.74820337118581
123.26949290698394
124.76289832731709
125.28334797313437
126.77766396012157
127.298238448333
128.7922458439134
129.31198007706553
130.80712132016197
131.32667649211362
132.8217433602549
133.34037619503215
134.83661019103602
135.3550693290308
136.85136519931257
137.36887158313766
138.86600958416238
139.38323081331328
140.88076912425458
141.3975170762278
142.8954638731666
143.41155130788684
144.9102133102715
145.4257799149491
