33.93255436094478
34.963358707726
35.94406353868544
36.97488017799333
37.95556162390858
38.98646805388853
39.967120855115354
40.99796452606097
41.97866045171395
43.00967578776181
43.99014911195263
45.02115658391267
46.00175282312557
47.032753680832684
48.01336986897513
49.04435072792694
50.02492649992928
51.05590652488172
52.036508806981146
53.067597061861306
54.0481377299875
55.07914655795321
56.0596767058596
57.09070084709674
58.07119557866827
59.1021960740909
60.082652057055384
61.113770260009915
62.09410863881931
63.12520408304408
64.10551704606041
65.13681462407112
66.11709118075669
67.14826636388898
68.1285145371221
69.15981930308044
70.14011882990599
71.17135114781559
72.15153057174757
73.18286059889942
74.16304226173088
75.19444317510352
76.1745071830228
77.2058784076944
78.18643220467493
79.21798993973061
80.19796228269115
81.22918137395754
82.20932366373017
83.24076582677662
84.22088577412069
85.25227017700672
86.2318764817901
87.26343895681202
88.24338650982827
89.2749516419135
90.25473091378808
91.28646760806441
92.26636901590973
93.29790602391586
94.27786675374955
95.30942798079923
96.28935938887298
97.3209870220162
98.30084592988715
99.33250413602218
100.31236950401217
101.34407328208908
102.32388828601688
103.3556164400652
104.33541613072157
105.36711319210008
106.34688455006108
107.37861140305176
108.35840739682317
109.3901338847354
110.36988321272656
111.4017279818654
112.3814521539025
113.41322140302509
114.39289291901514
115.4246620638296
116.40445863176137
117.4362044450827
118.41589330509305
119.44776203390211
120.4275036547333
121.45934868603945
122.43898598477244
123.47091085882857
124.45047321077436
125.48240584600717
126.46194267785177
127.49391437508166
128.47337079094723
129.50537379086018
130.4849440078251
131.51693513290957
132.49643253767863
133.52840350801125
