34.075095356907696
35.104058823082596
36.08207231480628
37.11043135821819
38.08847396494821
39.11754644103348
40.0952531141229
41.12391627114266
42.10187643300742
43.130919171031564
44.10864360583946
45.137289160862565
46.11525880312547
47.14425836596638
48.1219234270975
49.15074809687212
50.12867513624951
51.15757808787748
52.13516528625041
53.16421308089048
54.142069132998586
55.170957554131746
56.14862006623298
57.17761296685785
58.15537214605138
59.184247912839055
60.16185599984601
61.19097791099921
62.168718186207116
63.19746541325003
64.17520813597366
65.2044562981464
66.1819234509021
67.21088031399995
68.1886198092252
69.21785510797054
70.1952189290896
71.22424688702449
72.20187659282237
73.23107387311757
74.20845915423706
75.23772836104035
76.21522765187547
77.24437972623855
78.22167792590335
79.2510799979791
80.22848699986935
81.25768537726253
82.2349805040285
83.26435153698549
84.2417024471797
85.27095603290945
86.24825996393338
87.27776907011867
88.25506045017391
89.28437372483313
90.26153453392908
91.29121634783223
92.26833408512175
93.29783845413476
94.27499973215163
95.30463764304295
96.28158012125641
97.3110140748322
98.28834254201502
99.31783732911572
100.29468298703432
101.32450662693009
102.3016621270217
103.3310013441369
104.30792533606291
105.33793053915724
106.31474953191355
107.34415583312511
108.32104404596612
109.35112680122256
110.32780678616837
111.35719183925539
112.33429749915376
113.36433916306123
114.34083201503381
115.37064743088558
116.34768303995952
117.37759439414367
118.3540642792359
119.38408807991073
120.3609147858806
121.39071124605834
122.3672821209766
123.39744378719479
124.37405283888802
125.4038511752151
126.38043543696404
127.41080960305408
128.3872977718711
129.41717100515962
130.39378677820787
131.42411776818335
132.40057927183807
133.43040516320616
