42.8557698992081
43.95037549640983
44.87904715212062
45.973606813233346
46.90237055113539
47.9967317241244
48.92543869232759
50.01976986601949
50.94842943921685
52.04318212112412
52.971729872282594
54.066445471253246
54.994990514125675
56.08937642816454
57.01794730499387
58.11258405121043
59.04094024235383
60.13581896619871
61.0640785950236
62.159086225088686
63.087342417333275
64.18219072604552
65.11042676214129
66.20546105923131
67.13346980605274
68.22881451807916
69.1567641501315
70.25196724943817
71.17998776724562
72.27505972143263
73.20303669804707
74.29834995325655
75.22609896305948
76.32163909217343
77.2492901342921
78.34472495131195
79.27244062907994
80.36779737425968
81.2954909694381
82.39106922317296
83.31858776742592
84.4142941981554
85.34185883635655
86.43749615410343
87.3648730320856
88.4606584222056
89.38798061432317
90.48392230505124
91.41118850838393
92.50709035620093
93.43433411233127
94.5302462731488
95.4573769052513
96.55350422021002
97.4804828222841
98.57676867907867
99.50369952106848
100.59998235711828
101.5268478882499
102.62309447536245
103.54994807811454
104.64633768517524
105.57305556116626
106.66951397014782
107.59620882524177
108.69273379724473
109.61930828820914
110.71589836431667
111.64234478399158
112.73910600412637
113.66542773833498
114.76224135421216
115.68859496340156
116.78545597521588
117.7118066153489
118.80865273205563
119.73485165508464
120.83180558402091
121.75789716420695
122.85496989497915
123.78101954841986
124.87809998728335
125.80410208925605
126.90114685241133
127.82704744441435
128.9243561644107
129.85017962241545
130.9475255291909
131.87336732028052
132.97068916540593
133.89650548808277
134.99386821920052
135.9195619910024
137.01710857544094
137.94268375402316
139.04028237005696
139.96585942432284
141.0634226752445
141.9889639490284
143.08658574242145
