49.75786205986515
50.86571978079155
51.784297599922866
52.892146572005004
53.810558611061424
54.918492061086
55.836936650797725
56.94501989195123
57.8633088581264
58.971363401040435
59.889661013148725
60.997771388851106
61.915958740748465
63.02422437584028
63.94223422976211
65.05065439501777
65.96870804997161
67.07704472588375
67.99499551719055
69.10353328473866
70.02131793182343
71.12996887601912
72.0477096689865
73.15638295607641
74.07392640598118
75.18274396378547
76.10037746606395
77.20910814916715
78.12671316089109
79.2355467597954
80.1530186990276
81.26204979699105
82.17941762274131
83.28844731394202
84.20576222380623
85.31473217578605
86.23194698197767
87.34113865112886
88.25822981074452
89.36752257402986
90.28457076614723
91.39372712280601
92.31073797075078
93.42022406496108
94.33708361303434
95.44661288382486
96.36347316019237
97.47299263905734
98.38958224002272
99.49938052007928
100.41594449616969
101.52573584811762
102.44226966798306
103.55208430113271
104.46843176800758
105.57849848316982
106.49483016878366
107.60490495618433
108.52115825703368
109.63172611407936
110.54742900189012
111.65774784982204
112.5738748498261
113.6840630210936
114.60008356301114
115.71046084817499
116.62640451593325
117.7369348728098
118.6528171338141
119.76328108506277
120.67900845082477
121.78962198505178
122.70528247579932
123.81603845581412
124.73163103219122
125.84233008511364
126.75785109912977
127.86879291106015
128.78413298819214
129.8952150591649
130.810564563144
131.9215304898098
132.83687671180815
133.94796930393204
134.86317932978272
135.97497353190556
136.88953751977533
138.0012967218645
138.9157935748808
140.02767574507743
140.94203619286418
142.05405565304682
142.96831709099934
144.08043420687318
144.99458871874958
146.10676515707746
147.02083065873012
148.13323027314618
149.0471808789298
150.15948033705354
