28.124320102855563
29.170070910826325
30.126760202925652
31.172396326903254
32.12915067188442
33.17499122302979
34.13176937168464
35.17757185269147
36.134224535897374
37.17999269487336
38.13670136965811
39.18258260283619
40.13917674869299
41.18505605682731
42.141585777979344
43.1875996706076
44.14407246699557
45.19008391397074
46.1464961390011
47.19256920181215
48.1489506480284
49.19509048294276
50.151382555719465
51.197512548882514
52.153817696962506
53.20008451491594
54.156275029759854
55.20260210894048
56.15874658385292
57.20502877002582
58.16123256878927
59.207583349663764
60.16374704660848
61.21004663174972
62.16627111192793
63.21257762564346
64.16870591090992
65.21513216476887
66.17118737893179
67.21772701991722
68.17352254968137
69.22035916987807
70.1761275138706
71.22280835593119
72.17845722287893
73.22531369002536
74.1809585490264
75.22782340366393
76.18334706686437
77.2301844228059
78.18578329589218
79.23275169497356
80.18819874757901
81.23513522185385
82.19060019263998
83.23766557360068
84.1931175775826
85.24015546077862
86.19544288376346
87.2426247256808
88.19788798503578
89.24511560983956
90.20030574500561
91.2475198819302
92.20269397785887
93.24994108499959
94.2050999738276
95.25241999980062
96.20751310884953
97.25484100077301
98.20990603975952
99.2573638795875
100.2124125668779
101.25981316994876
102.21487164869905
103.26233391975984
104.21736927563325
105.26485061086714
106.2198514379561
107.26735949283466
108.22220349963754
109.26986014982685
110.22465493902564
111.27223898703232
112.2270108088851
113.27468975400552
114.22947053564712
115.27722906600684
116.23198990197852
117.27970249578357
118.23437901074067
119.28217217884958
120.236769632902
121.28459780290723
122.23913364484906
123.28707353398204
124.24159218976274
125.28960452787578
126.24407011270523
127.29207432782277
