57.22185019683093
58.29544479167089
59.23777269991115
60.311500472947955
61.2537714028731
62.32753527071327
63.269770629704
64.3435484576039
65.28574444400147
66.35958841862157
67.30171299958602
68.37569739157334
69.31779562076554
70.39174449397251
71.3338541300036
72.4077127976343
73.34999201679602
74.42378141591325
75.36607855278999
76.4398740469478
77.38217545580119
78.45599897159263
79.39827230991796
80.4721368169412
81.41433312557638
82.48825440369546
83.43041717261076
84.50433939089999
85.44644929701462
86.5204534935765
87.46249814191833
88.53656978765503
89.47854027058929
90.55272249085829
91.49461052799597
92.56881123874336
93.51061427686363
94.58483655191958
95.52656693570316
96.60080629587173
97.54254558682442
98.6169303636998
99.55850668856874
100.63290422782302
101.57443789765239
102.6489318436943
103.59049462992698
104.664924566634
105.60648047970608
106.68098125094548
107.62248617596924
108.6970002297312
109.6385722910054
110.71303827362135
111.65463444963098
112.72918428760022
113.67070864280686
114.74519936880097
115.68672757875174
116.76125814858824
117.70278406981379
118.77740245265886
119.71882379194722
120.79342707293108
121.73485799599439
122.80955560086295
123.75087178591639
124.82563111092895
125.76689516287297
126.84168724762276
127.78293088497594
128.85783265857026
129.79897780762985
130.87393812462687
131.8150591077283
132.8900277079083
133.83108296385035
134.9060958349146
135.8471343209967
136.92219229787588
137.86321245180443
138.93828990869224
139.8792088679038
140.9543152838014
141.89522210881114
142.97031894279644
143.9112787367776
144.98638885375112
145.9273127638735
147.00242532975972
147.94331611599773
149.01854560989887
149.9594261366874
151.0347029757686
151.97547147376463
153.0507696159184
153.99152311496437
155.06677578995004
156.00753027992323
157.08287399681285
