37.631133971270174
38.64267969224602
39.63871400523931
40.65018920600414
41.646361955907196
42.65783804189414
43.65415751095861
44.665670732967556
45.662032494321465
46.67351722717285
47.67002117494121
48.6815552841872
49.67814652295783
50.689780527260154
51.68656098423526
52.698176083154976
53.695104665122926
54.70675820205361
55.703830115962774
56.71557641401887
57.712772286031395
58.7245443132706
59.72190034110099
60.73363762907684
61.73103230400011
62.742840060032904
63.74030775530264
64.75203249230981
65.74954076111317
66.7613372169435
67.75890199607238
68.7705678800121
69.7682219822891
70.77985869999975
71.77742452220991
72.78908488620073
73.78667961386964
74.79833050025627
75.79595986427739
76.80773689597845
77.80528136529028
78.8169752722606
79.8145197420381
80.82627198286355
81.82389056729153
82.83549301791936
83.83302759286016
84.84481327189133
85.84233790030703
86.85408951714635
87.85167305124924
88.86344164796174
89.8609943492338
90.87282747821882
91.87035533599555
92.8821804439649
93.87970439624041
94.89157919213176
95.88901278097183
96.90091721201316
97.8983742389828
98.91027538990602
99.90765153197572
100.9195392462425
101.9169874722138
102.92880997806787
103.92629466298968
104.9381244610995
105.93558799987659
106.94737102929503
107.94484826596454
108.95669884700328
109.95409759506583
110.96593463514
111.96324286423624
112.97513146605343
113.9724331330508
114.98443048493937
115.98173303809017
116.99370476510376
117.99098976701498
119.00289930822328
120.00021227821708
121.01220192294568
122.00964317517355
123.02166193490848
124.01902829110622
125.03117803996429
126.02851846022531
127.04053565813228
128.03790045296773
129.04987749597058
130.0472034891136
131.05916141811758
132.05646090209484
133.0684364871122
134.0657837842591
135.07772733923048
136.0749865109101
137.08694683713838
