35.30400462727994
36.30627984320745
37.33610091917217
38.338465145323426
39.368398719932884
40.370599354151636
41.40062230313197
42.402829707134515
43.43286390695721
44.43510125903413
45.4651634269394
46.46744848694652
47.49740919703618
48.49966467404738
49.52974897809327
50.53167773829773
51.56144199101254
52.56393356015906
53.59380739601329
54.59606214426458
55.62606259295717
56.62840239191428
57.6581742502749
58.660442331340164
59.69023788627237
60.692545446101576
61.72236391808838
62.72468225797638
63.75459744827822
64.75692985206842
65.78684884402901
66.78915536124259
67.8191201351583
68.82147982902825
69.85144580015913
70.85382091114298
71.88383110100403
72.88613235810772
73.91612832900137
74.9184237010777
75.94832092197612
76.95061608590186
77.98049012990668
78.98267284734175
80.01267965091392
81.01489455532283
82.0447899531573
83.047073607333
84.07708067120984
85.07934906426817
86.10931196203455
87.11163723003119
88.14153773197904
89.14388799993321
90.17385121015832
91.17621324909851
92.20618526125327
93.20844636298716
94.23842561524361
95.24068275792524
96.27074461290613
97.27296613203362
98.30304470611736
99.30521158920601
100.33524787193164
101.33738189097494
102.36742822593078
103.3695043809712
104.3996172263287
105.40168723417446
106.43184570409358
107.43392852507532
108.46410579700023
109.46616226434708
110.49635792104527
111.49845058610663
112.52865598211065
113.53071562713012
114.56085659610108
115.56294525088742
116.5931111681275
117.5953536760062
118.62548271892592
119.62755736289546
120.65758651029319
121.66335878707469
122.6897862390615
123.6918629151769
124.72201763419434
125.72400321625173
126.75423840433359
127.75617237202823
128.78643782017753
129.78836569515988
130.8186465073377
131.82070771418512
132.85099170310423
133.8530581179075
134.88321794196963
135.88527987804264
