50.53409235132858
51.56528840214014
52.54032259620726
53.57168651232496
54.54670357191935
55.57799837505445
56.55307444697246
57.58439977187663
58.55943923117593
59.59084507729858
60.56571464193985
61.5971572608687
62.57207599421963
63.60347970807925
64.57841135887429
65.60985064692795
66.58473808132112
67.61616862006485
68.59109990904108
69.62260242924094
70.59744121925905
71.62897160509601
72.60382576100528
73.63528359588236
74.61016546189785
75.64167225686833
76.61657172814012
77.64806977426633
78.62293101800606
79.65446250187233
80.62926525808871
81.660857941024
82.63573111407459
83.66731072589755
84.64207332907245
85.67361856717616
86.64837169088423
87.67998776398599
88.65474422322586
89.68642654595897
90.66110597597435
91.69277554005384
92.6674794498831
93.69921250501648
94.6738319369033
95.70549619197845
96.68016156321391
97.71185571420938
98.68653504410759
99.71824898896739
100.69293738296255
101.72467054706067
102.69926165090874
103.73101361794397
104.70563487987965
105.73737898422405
106.71196644520387
107.74375362321734
108.71839103195816
109.75017774291337
110.72470051888376
111.75653124088421
112.73101797699928
113.76288526225835
114.7373711662367
115.76917986012995
116.74371425388381
117.77552706329152
118.75012567732483
119.78193025803193
120.7563855922781
121.78827303927392
122.76276384294033
123.79467613529414
124.76913584629074
125.80105485813692
126.77549196686596
127.80744712520391
128.78174923593178
129.813795696944
130.7881586421281
131.8201064071618
132.7945593520999
133.82653414923698
134.8009127220139
135.8329061139375
136.8073359890841
137.83931261114776
138.81368410214782
139.84576046513394
140.82001867704093
141.85214144689962
142.82645929511636
143.8585634198971
144.83286220626906
145.86497503099963
146.8392914752476
147.87130935303867
148.84553720522672
149.87773378100246
