71.18067336687818
71.80207869177684
73.1931088459678
73.8143593291752
75.20554682519287
75.82665642397478
77.21812709607184
77.83881450910121
79.23052877373993
79.8510256158188
81.24301946302876
81.86330755613744
83.25542744388804
83.875571527984
85.26787980087101
85.88773357402533
87.28032361576334
87.90077056316659
89.29327321005985
89.91264339303598
91.30551161011681
91.92448106780648
93.317669542972
93.93662733398378
95.33013263111934
95.94879032019526
97.34249238716438
97.96090507693589
99.3547720387578
99.97313108388335
101.36720841005445
101.98533360194415
103.37956056185067
103.99741226714104
105.39193255873397
106.00960572296754
107.40425617108122
108.02184641873464
109.41670613689348
110.03394742915407
111.429177145008
112.04599838797003
113.44166648574173
114.05810283590108
115.45390379801393
116.07011759793386
117.46626116195694
118.08228079695255
119.47865498485044
120.09427483007312
121.49101787013933
122.10678188176826
123.50371096283197
124.11891732085496
125.51610478619114
126.13079406507313
127.52811251906678
128.14302044315264
129.54053738480434
130.15529411192983
131.55305235506967
132.16749825095758
133.5655842530541
134.1798323369585
135.57786240195855
136.19172111386433
137.5903340401128
138.20386634813622
139.60266765905544
140.21624553995207
141.61518789082766
142.22835806617513
143.6276161968708
144.24086392391473
145.6401208578609
146.25265213102102
147.65259119588882
148.2648515338078
149.66503674304113
150.27718921704218
151.6775470287539
152.2892962768674
153.69004393089563
154.30151146184653
155.70255567599088
156.3136957087554
157.71491804812104
158.3258752701804
159.727346513886
160.33826165273786
161.73978190682828
162.35045428713784
163.75218766508624
164.36270744213834
165.76469508977607
166.3749087229371
167.7770272041671
168.3871275037527
169.7894418691285
170.39934472413734
