45.43256717128679
46.47860984131694
47.45432433532551
48.50053705694154
49.476208894047886
50.52240734593943
51.497994964942336
52.54432664625347
53.51980838133022
54.566130477935076
55.54171445220709
56.5880199871026
57.56352781597525
58.60991303808987
59.58536586817354
60.63181322533637
61.60720444098115
62.653745078947395
63.629119576886296
64.67566323606297
65.65095299528912
66.69743259204552
67.6728084962815
68.71935684420168
69.69472832093015
70.74133880296722
71.71661502122879
72.76324675418437
73.7385076591745
74.78518361132592
75.76043597515672
76.80708416597918
77.78228496806696
78.82888836832717
79.80417073331773
80.8508080393076
81.82601014431566
82.87267750315368
83.84785455605015
84.89455306017771
85.86970605095848
86.91637163888663
87.89157551527023
88.93825370818377
89.91342383390293
90.96016103727743
91.93522147694603
92.98200133629143
93.95702365227044
95.00388814602047
95.97894462803379
97.02572375815362
98.00088076107204
99.04768077703193
100.02272210316733
101.06954164989293
102.04466235125437
103.09135653497651
104.06643124716356
105.11323319096118
106.08828009106219
107.13509203400463
108.11018294515088
109.15702837798744
110.13207892421633
111.17884399322793
112.1538864672184
113.20072976499796
114.17570447921753
115.22254798607901
116.19751030392945
117.24438964389265
118.21932628611103
119.26622073026374
120.24115325789899
121.28808546205983
122.26300101121888
123.30993915302679
124.28487709723413
125.33190190605819
126.30674547608942
127.35375247290358
128.32857057498768
129.3756069461815
130.35038838209584
131.39742412930354
132.37223697034642
133.41933349799365
134.3940616529435
135.44116890989244
136.415947586298
137.46307781198993
138.43776825908571
139.48496176628396
140.45962414098904
141.50681551313028
142.48154168995097
143.52881248807535
144.5034572072327
145.55066821491346
