37.754856440704316
38.8396301548928
39.77343504503369
40.85834391461685
41.792058025021106
42.87694496801123
43.810665484983474
44.895606386940926
45.82926961267367
46.91430280683562
47.84787280485034
48.932892561890185
49.86643568566069
50.9515601308085
51.885009765625
52.97020113794133
53.90365025261417
54.98885693773627
55.92228959593922
57.007540134713054
57.940844147931784
59.026150677818805
59.959497555624694
61.044744710903615
61.978040964808315
63.06346114072949
63.996681198012084
65.08217491488904
66.01526065077633
67.10073171276599
68.03390838578343
69.11937647964805
70.05252070585266
71.13821916282177
72.07111672498286
73.15678200591356
74.08978045266122
75.17534375563264
76.10840428574011
77.19395019486547
78.12700577778742
79.21261746669188
80.14559279102832
81.23124364763498
82.16424412792549
83.24989779805765
84.18281426886097
85.26856470899656
86.20145050389692
87.28717235196382
88.22008554171771
89.30582640087232
90.23873266484588
91.32454076362774
92.2573913000524
93.34323533577845
94.27601519599557
95.36181558668613
96.29461872763932
97.38053656788543
98.3133264798671
99.39926926791668
100.33188501605764
101.4179431158118
102.3505055308342
103.43662435980514
104.36917599476874
105.4552783658728
106.38784385565668
107.47388154082
108.40643822867423
109.49255669489503
110.42507656104863
111.5112672667019
112.44366077892482
113.52982737170532
114.46219921763986
115.54849914368242
116.48085333500057
117.56712018791586
118.49947672290727
119.58581008668989
120.51802391605452
121.60442321700975
122.53666871180758
123.623138950672
124.55533397896215
125.6418314059265
126.57389331003651
127.6603364138864
128.5924974847585
129.6789455898106
130.61106624500826
131.6976451310329
132.62971729692072
133.71633581863716
134.64841376570985
135.7353869220242
136.66703653894365
137.75371162360534
