67.44104583375156
68.4947107238695
69.46563699096441
70.51941740093753
71.49035377288237
72.54397840192541
73.51487748185173
74.56869539199397
75.53953572176397
76.59349128697067
77.56421026401222
78.61818030802533
79.58918011607602
80.6431025560014
81.61361356591806
82.66769079584628
83.63832633616403
84.69244408700615
85.66323264688253
86.71739737689495
87.68782760575414
88.74198405398056
89.71253824001178
90.76665791776031
91.73749017482623
92.79135027201846
93.76180638512596
94.81608168687671
95.78647727984935
96.84080846700817
97.8110689567402
98.86541253980249
99.83580453880131
100.89018796477467
101.86048605898395
102.91478761006147
103.88516825577244
104.93950293213129
105.90983196301386
106.96420002402738
107.93451603408903
108.98892820999026
109.95919010601938
111.0135760307312
111.98382193781435
113.03831489384174
114.00855470588431
115.06305589200929
116.03329559974372
117.0877564731054
118.05799024412408
119.1123771071434
120.08261119015515
121.13710487494245
122.10729874996468
123.16174654988572
124.13195198774338
125.18647223478183
126.15664637088776
127.21117391018197
128.18120169173926
129.2357995430939
130.20589263783768
131.26051257178187
132.23059186385944
133.28521955898032
134.25526645500213
135.310012742877
136.27995344204828
137.33463587611914
138.30462693888694
139.35929109202698
140.32929350901395
141.38401057804003
142.3539274749346
143.40871667908505
144.37856935802847
145.43337168591097
146.40320717776194
147.45807518297806
148.42785223713145
149.48276570998132
150.45249193208292
151.50740071805194
152.4771579289809
153.53211686993018
154.5018495498225
155.55681182490662
156.52648236881942
157.58151474781334
158.5512446151115
159.60624678479508
160.57591743394732
161.63092564605176
162.60057962778956
163.6556546627544
164.62522156210616
165.68034586682916
166.64987386018038
167.7050139461644
