39.66266347607598
40.66369177540764
41.69198078010231
42.693088037427515
43.721349594183266
44.72242883127183
45.75061492016539
46.751653427258134
47.77983274543658
48.780863805208355
49.8090684870258
50.81004949519411
51.83817152213305
52.83899924904108
53.867183776106685
54.8681025961414
55.89626894611865
56.89733906742185
57.92545906314626
58.92643996607512
59.95462543005124
60.95561503106728
61.983839037362486
62.98481645109132
64.01308519532904
65.0140834422782
66.04230682225898
67.04322428908199
68.07152818934992
69.07242914522067
70.10105997137725
71.10153259616345
72.12974061211571
73.13066662009805
74.15887739602476
75.15971017535776
76.18800517031923
77.18883753241971
78.21708169300109
79.21799389924854
80.2462112903595
81.24711932940409
82.27539140731096
83.27629491500556
84.3046713671647
85.30551602132618
86.3338516401127
87.33472884632647
88.36310123605654
89.36406099330634
90.39233880024403
91.39334907801822
92.42156480206177
93.4223502902314
94.45067893015221
95.45141868898645
96.47982295323163
97.48062969138846
98.50892697600648
99.50981558905914
100.53816730109975
101.53900914313272
102.56740319915116
103.56816613534465
104.59672529436648
105.59738901117817
106.62591311801225
107.62661027442664
108.65506849624217
109.6558209634386
110.68417788436636
111.68494009040296
112.71347909327596
113.71411385340616
114.7426029080525
115.74331636540592
116.77167875412852
117.7724485131912
118.80077454820275
119.80152373434976
120.83007331006229
121.8307564551942
122.85914358310401
123.85994079010561
124.88838531402871
125.88907319819555
126.9175956393592
127.91825149208307
128.94684757711366
129.94748749304563
130.97603363124654
131.97668912028894
133.00523083098233
134.00587751716375
135.03439188515767
136.03502060333267
137.06358106341213
138.06423181202263
139.0927765443921
140.09339036606252
