0.4938654190627858
1.6019149890635163
2.508104754029773
3.6164846860338002
4.522264244966209
5.630917925038375
6.536431652959436
7.645169291063212
8.550693487050012
9.659374927985482
10.565117508056574
11.673671502037905
12.579611998051405
13.688144793966785
14.594028051011264
15.702633086009882
16.608299104031175
17.717098357039504
18.622480001999065
19.7314434730215
20.636685276054777
21.74573801702354
22.650920288055204
23.75994844606612
24.665290559991263
25.774306218954735
26.679706873954274
27.788711074041203
28.694063344970345
29.80327801196836
30.70829111803323
31.817571409977973
32.72241884097457
33.83185470395256
34.73660927102901
35.846053624060005
36.75083865900524
37.8602779089706
38.76516580802854
39.874586516059935
40.77947915403638
41.889355640043505
42.79384213604499
43.90339393704198
44.80817615997512
45.91785514703952
46.82241612195503
47.93205224501435
48.836435043020174
49.94633715506643
50.850709068006836
51.960650605964474
52.86509975802619
53.97497723402921
54.87944206397515
55.9893924560165
56.893699369975366
58.0037363760639
58.90789714502171
60.017994933063164
60.92208200402092
62.032293383963406
62.93626478000078
64.04652470198926
64.95049578405451
66.06083700805902
66.96486762200948
68.07518863701262
68.97916445904411
70.08955078700092
70.99345895298757
72.1038793430198
73.00766396906693
74.11816310801078
75.0218595060287
76.13247421698179
77.03609894798137
78.14677157602273
79.050331359962
80.16109950805549
81.0646631460404
82.17538311798126
83.07896633900236
84.18973844498396
85.09328989603091
86.20412450202275
87.10757282795385
88.21841920504812
89.12178862595465
90.23281963705085
91.13602661096957
92.2471252779942
93.1502784510376
94.26133050303906
95.16444742598105
96.27552723896224
97.17868864105549
98.28980975598097
99.1929901150288
100.30418576102238
