0.8722095469711348
1.8966818649787456
2.8691920679993927
3.893809280009009
4.866269015008584
5.890918050019536
6.8633280450012535
7.887941818975378
8.860259576002136
9.884897254989482
10.857345426979009
11.88197784597287
12.854373414011206
13.879042238986585
14.851454681018367
15.876108401978854
16.84852256299928
17.873315761971753
18.84564971399959
19.87038353801472
20.84264384501148
21.867472042969894
22.83968813199317
23.864552213985007
24.83675601100549
25.861568062973674
26.833922899968456
27.858715054986533
28.830977756995708
29.855883350013755
30.82807355199475
31.852989508013707
32.825203877000604
33.85010087501723
34.822262795001734
35.847233177977614
36.81941801501671
37.84432954300428
38.81643443298526
39.84140200196998
40.81351407896727
41.83857195999008
42.81048789201304
43.83558295998955
44.80750993301626
45.83262234501308
46.804632233979646
47.82970313500846
48.80174338800134
49.826727258972824
50.79871048097266
51.82375341298757
52.795702675997745
53.82078170200111
54.792711434012745
55.81792134401621
56.789751128992066
57.814905153005384
58.78678530198522
59.81197792000603
60.783809788001236
61.80901813402306
62.780803543981165
63.80615996196866
64.7778633919661
65.80313731101342
66.7749570949818
67.80016085697571
68.77195689099608
69.79724768397864
70.76901152997743
71.79432565596653
72.76610710599925
73.79145019000862
74.7631262759678
75.78848269302398
76.76011851796648
77.78549972601468
78.7571757590049
79.7826460810029
80.75425362499664
81.77968326996779
82.75134945899481
83.77663358399877
84.74851388600655
85.77378134400351
86.74562591698486
87.77085665601771
88.74269430199638
89.76796368596843
90.73995435197139
91.76510837196838
92.73694388201693
93.7622736300109
94.73398580698995
95.75937102397438
96.73095512902364
97.75643227196997
98.7280535629834
99.7535532580223
