1.0619198119966313
2.0818856499972753
3.090370630961843
4.110355584998615
5.118731714959722
6.139057918975595
7.147467539994977
8.167608746967744
9.175926755997352
10.19603885099059
11.204486028000247
12.224780154007021
13.23315243696561
14.253440628002863
15.261687654012349
16.281929439981468
17.290264957002364
18.31060794298537
19.318869451002683
20.339167803991586
21.347373741969932
22.36776277300669
23.375877776008565
24.396275245992
25.40450077096466
26.424747409997508
27.4330234049703
28.45314108900493
29.46156255400274
30.481798051972874
31.490137643995695
32.51034152897773
33.51860377995763
34.53888172795996
35.54722314700484
36.56755026400788
37.57565449801041
38.59601734596072
39.60415840498172
40.624477192002814
41.6327379400027
42.65296105196467
43.66122779098805
44.681494759977795
45.689716447959654
46.70997831400018
47.718188962957356
48.73843723698519
49.74663590895943
50.76698543399107
51.77520228497451
52.79554941598326
53.803719236981124
54.823997879982926
55.83225879695965
56.85252405697247
57.86076054797741
58.88096424698597
59.88926943700062
60.90948845096864
61.917696976976
62.93803484598175
63.94626248796703
64.96651426499011
65.97465091996128
66.99499384401133
68.00316940696212
69.02356207196135
70.031722323969
71.05200228298781
72.06024342100136
73.08047390397405
74.08869894995587
75.10898615198676
76.117265991983
77.13748871698044
78.1456003820058
79.16597456595628
80.17411180498311
81.19454661599593
82.20257698296336
83.22305908601265
84.23097804898862
85.25143666495569
86.25936161895515
87.27994372497778
88.28780138900038
89.30841854895698
90.31613585195737
91.33687962696422
92.3445655250107
93.36526076000882
94.37288238899782
95.39381595799932
96.40128170396201
97.4223545959685
98.429767427966
99.45081849896815
100.45814310398418
101.47946370596765
