2.824931762064807
3.886615473078564
4.846050751046278
5.907782796071842
6.867156616062857
7.928976317052729
8.888313783099875
9.950163276051171
10.90938168100547
11.971288672997616
12.93056843103841
13.992482507019304
14.95175971405115
16.013647018000484
16.972844278090633
18.0347909060074
18.990669489023276
20.060513669042848
21.011741189984605
22.082110314047895
23.03286570298951
24.10343883605674
25.053941154037602
26.12479595199693
27.07503785507288
28.146151088993065
29.09615736908745
30.167441643076017
31.117198550025932
32.18860522005707
33.13828337704763
34.2099185870029
35.15933377703186
36.231166330049746
37.180424282094464
38.25236860499717
39.20148114103358
40.273665046086535
41.222559354035184
42.294889925047755
43.243647672003135
44.31617131503299
45.264726355089806
46.33742020500358
47.28578399703838
48.358639095094986
49.30691601301078
50.379912361036986
51.328016102081165
52.401071044034325
53.34909629705362
54.42219342500903
55.370191283058375
56.44336700509302
57.391324862022884
58.46453662600834
59.412462088046595
60.48567577905487
61.43354832509067
62.5067668070551
63.454652062035166
64.52792195009533
65.47578283003531
66.54908297909424
67.49688229709864
68.5702481220942
69.51800697203726
70.59139982901979
71.53917607408948
72.61263189907186
73.56030304101296
74.63382277206983
75.58138901903294
76.65496708301362
77.60254140303005
78.67611368605867
79.6236849850975
80.69742320501246
81.64493070309982
82.71856006898452
83.66604907705914
84.73974469408859
85.68716156703886
86.76079109008424
87.7081428070087
88.78190842398908
89.72931175504345
90.80303966300562
91.75044533901382
92.82419283105992
93.77159434009809
94.84535381000023
95.79263610206544
96.8664558849996
97.81370604108088
98.88761832308955
99.83484368806239
100.90875170007348
101.855921857059
102.92987585801166
