0.9723509559989907
1.972542826028075
2.9741591660422273
3.9744544210261665
4.9760377400089055
5.976330338045955
6.97792792704422
7.978165474021807
8.979904156003613
9.980136233032681
10.981894030002877
11.982048504054546
12.983784738054965
13.983964003040455
14.98570122604724
15.985819919034839
16.98764479800593
17.987631980038714
18.989774618006777
19.98953685403103
20.99133829504717
21.991540476039518
22.993268584017642
23.993406182038598
24.99514918605564
25.995254180044867
26.99709067301592
27.997205198043957
28.99890226405114
29.999074653023854
31.000631773029454
32.00088390003657
33.00250018603401
34.00274054304464
35.0043650570442
36.00462593504926
37.006292220030446
38.00646132702241
39.008174070040695
40.00843442603946
41.010044201044366
42.01029424503213
43.01195297704544
44.01225255202735
45.01393201301107
46.01465788704809
47.016318807029165
48.017068795044906
49.0188508600113
50.018998716026545
51.02005901403027
52.02090348105412
53.02187841502018
54.02286928601097
55.02378146001138
56.024795717035886
57.02571221400285
58.026746522053145
59.02762187400367
60.02862248400925
61.02956596005242
62.03053245600313
63.031329891004134
64.03231169900391
65.03306746704038
66.03423375304556
67.03512207302265
68.03624242200749
69.03700110601494
70.03811499703443
71.03886045201216
72.03995293600019
73.04081537004095
74.04191238502972
75.04266690299846
76.04389084404102
77.04454176902073
78.04571685602423
79.04632179101463
80.04746500402689
81.04821754200384
82.04932669200934
83.05015876103425
84.05129436904099
85.05208352103364
86.05321121204179
87.05397974001244
88.05508659803309
89.05581267701928
90.05699516000459
91.05766436405247
92.05890158604598
93.05963594600325
94.06085670902394
95.06157143402379
96.06273089605384
97.06347994302632
98.06458779005334
99.06537412904436
100.06656400702195
