0.14117875002557412
1.1513104800251313
2.152289407036733
3.162527126027271
4.163794176012743
5.173928875010461
6.175668212992605
7.185950985003728
8.187957458023448
9.19818116701208
10.200509513029829
11.210692077991553
12.213448494032491
13.223544496984687
14.226408621005248
15.236629831022583
16.23973296402255
17.249974643986207
18.25331553601427
19.263527789036743
20.267141805030406
21.27729254803853
22.281143594009336
23.29140131600434
24.29538564302493
25.305626230023336
26.30974352400517
27.31996114301728
28.32418630202301
29.334432514035143
30.338761110033374
31.348995917011052
32.35344836598961
33.363645517034456
34.368166144005954
35.37838886800455
36.383012150006834
37.393232634989545
38.39785779203521
39.40810306899948
40.4128391109989
41.423058763029985
42.427891367988195
43.43810242600739
44.442963676992804
45.45320181903662
46.45806718402309
47.468289337004535
48.47317116102204
49.48334555403562
50.48836050200043
51.4985233329935
52.503586406004615
53.51374350802507
54.518785435997415
55.528929778025486
56.534038944984786
57.54417313099839
58.5492281850311
59.5593524230062
60.564389977022074
61.57460853800876
62.57961682102177
63.58984673698433
64.59480319800787
65.60506592603633
66.61005311599001
67.62030136503745
68.62523298303131
69.63557321100961
70.64045191300102
71.65077136002947
72.65565329103265
73.66601388400886
74.67092138901353
75.68118417001097
76.68613521603402
77.69643560203258
78.70131998101715
79.71169682499021
80.71655276801903
81.72686716500903
82.7317520659999
83.74200250499416
84.74684766703285
85.75714664702537
86.76203326799441
87.77239563403418
88.77724782802397
89.78759910003282
90.79243770102039
91.8027068899828
92.80760804301826
93.81786587898387
94.82279677101178
95.83307481498923
96.83799950999673
97.84827208600473
98.85312490601791
99.86343107599532
