0.9584095909958705
1.9233838260406628
2.9725001550395973
3.936992831004318
4.98600739100948
5.950463609013241
6.999628168006893
7.964218969049398
9.013652798021212
9.978150683047716
11.027211390028242
11.991686828027014
13.041115814005025
14.005674323998392
15.055018779996317
16.019494219042826
17.068751904997043
18.03317229199456
19.082718518038746
20.04707817803137
21.096441905014217
22.060710784047842
23.11026430304628
24.074567193049006
25.124179722042754
26.088287821039557
27.13788363203639
28.10202204401139
29.151787125039846
30.115948923048563
31.16551119403448
32.12960450304672
33.17931594001129
34.14344435301609
35.19317537301686
36.157132851018105
37.207034287042916
38.17100598401157
39.22096877399599
40.18498078302946
41.234788835048676
42.19862787803868
43.24864098103717
44.21236205502646
45.26231062802253
46.226078891020734
47.27605183899868
48.239758695010096
49.28986804903252
50.2535274590482
51.303540876018815
52.26730705599766
53.31741854699794
54.28108535299543
55.33122752001509
56.29482328501763
57.34508050500881
58.30864460399607
59.358830053010024
60.32233436102979
61.372614446037915
62.336192868999206
63.38645243301289
64.34998747101054
65.40021213999717
66.3637028040248
67.41398700402351
68.3775103240041
69.42782645201078
70.3912071690429
71.44159397401381
72.4048669320182
73.45527571602724
74.41856403800193
75.46908516599797
76.43233640602557
77.48286060703686
78.44605518103344
79.49662563204765
80.4598170290119
81.51040617801482
82.47356653504539
83.52420787099982
84.48730192601215
85.53786560799927
86.500915548997
87.55165803100681
88.51464901503641
89.56532514403807
90.52824331604643
91.57902704901062
92.54194657603512
93.59276254900033
94.55571264802711
95.60643633001018
96.56933903502068
97.62020881002536
98.58307963999687
99.63393040600931
100.59678581904154
