0.6845813459949568
1.7243992410367355
2.7126435289974324
3.7525367370108142
4.74072540004272
5.780671317013912
6.768834773043636
7.808788085996639
8.796961960033514
9.836932461999822
10.825152013043407
11.865077568043489
12.853293109044898
13.893215540039819
14.88139743701322
15.921454243012704
16.909618953010067
17.94966685399413
18.93780630500987
19.977545353991445
20.965667150041554
22.00563177204458
22.993791693006642
24.033725013025105
25.021870144002605
26.06186700699618
27.04999588802457
28.090008897008374
29.078130748006515
30.11818058101926
31.10623738099821
32.14624601701507
33.13431547401706
34.174334787996486
35.162428673007526
36.20244309201371
37.19060473801801
38.230547544022556
39.2186374720186
40.25863793399185
41.24674051901093
42.28679040900897
43.27482820401201
44.31505434401333
45.30303870199714
46.343104115047026
47.3309895680286
48.371053211041726
49.35910913202679
50.399185849004425
51.38722916704137
52.42733713402413
53.41527514101472
54.4554223800078
55.44336601300165
56.483552991005126
57.47148037503939
58.511684490018524
59.49962187500205
60.53986322903074
61.527779625030234
62.56800301204203
63.555827534990385
64.59613737999462
65.58402685099281
66.62429633300053
67.61218101304257
68.65238914103247
69.64021996804513
70.68058335699607
71.66828085202724
72.70864450302906
73.69649210199714
74.73676700302167
75.72452715603868
76.76487908902345
77.75262887799181
78.79293648904422
79.78073851799127
80.8210762340459
81.80891430500196
82.84922947001178
83.83697368804133
84.87755671603372
85.86512671702076
86.90544448804576
87.89312303101178
88.93361600901699
89.92121512599988
90.96169086603913
91.9492999840295
92.98970890202327
93.97740984300617
95.01789240702055
96.00553053600015
97.04614179802593
98.03377326199552
99.07423431699863
100.06181156303501
101.10233840002911
