0.9154630299890414
2.00556552503258
2.9277026769705117
4.018004180979915
4.939979824936017
6.030481482972391
6.952355096000247
8.04293295298703
8.965076823951676
10.055252130958252
10.976968557923101
12.067575581022538
12.989364610984921
14.08038475702051
15.001686914940365
16.092394249979407
17.013986823963933
18.104814782971516
19.026300117955543
20.117229952011257
21.038782733958215
22.129689547000453
23.0510733720148
24.142120913951658
25.063368542003445
26.154472020920366
27.075632254010998
28.166789846960455
29.087881695013493
30.179156422964297
31.100227280985564
32.19147648802027
33.11253094102722
34.20385092892684
35.12480199697893
36.216240630019456
37.13714034494478
38.22865001892205
39.14949119195808
40.24105279298965
41.16174834303092
42.25345067202579
43.174013618030585
44.2657664680155
45.18639394501224
46.27817564900033
47.198666251963004
48.29045858094469
49.21097558992915
50.30279125296511
51.22322919999715
52.31527845503297
53.23557176697068
54.32767742802389
55.247881731018424
56.33997952693608
57.26024117402267
58.352391364984214
59.272508429014124
60.3647733599646
61.28488276794087
62.37712030299008
63.297171638929285
64.3894377159886
65.30948733200785
66.40188392892014
67.32176979701035
68.41426785197109
69.33412090700585
70.42660182702821
71.34642373700626
72.43905741593335
73.35865443199873
74.45128779800143
75.37085632502567
76.46362890896853
77.38325816392899
78.47605455096345
79.39552578597795
80.48834816203453
81.40774939802941
82.50064541993197
83.42001431202516
84.51303007197566
85.43227625801228
86.52535259001888
87.44460580695886
88.53774917102419
89.45691285701469
90.55012299097143
91.46917704201769
92.56238946795929
93.48145247693174
94.57471349695697
95.4936693200143
96.5869890890317
97.50590527697932
98.59929540997837
99.51821685791947
100.61167053296231
