1.770884993020445
2.8441649060696363
3.7924848729744554
4.865995827014558
5.81406558805611
6.88782867603004
7.835696822963655
8.90960985806305
9.857379049062729
10.93133474001661
11.87904200295452
12.953043058980256
13.900635792990215
14.974769296008162
15.922190675977618
16.99639553297311
17.94381248706486
19.01817557204049
19.9653194550192
21.039934934000485
21.986906943959184
23.061904296046123
24.00843943306245
25.083718033973128
26.03000832896214
27.10550854296889
28.052794822026044
29.12698233698029
30.073496015975252
31.148634201963432
32.09488908096682
33.17043476505205
34.116265324060805
35.19214397401083
36.13750589103438
37.2140489120502
38.15869734401349
39.23581843404099
40.179895829060115
41.257770300027914
42.20103306497913
43.279652999015525
44.22244779905304
45.301660750992596
46.24413716699928
47.323618137976155
48.26560007897206
49.34557052596938
50.287165177986026
51.36733765504323
52.30865027802065
53.388949317042716
54.33010433695745
55.410621760063805
56.35170407197438
57.43222592305392
58.37317698600236
59.45385659602471
60.39474354602862
61.47527461498976
62.416477864957415
63.49670409306418
64.43841004697606
65.51811185199767
66.46030202205293
67.53946044505574
68.48209212406073
69.56092919502407
70.50396128697321
71.58254966198001
72.52572456595954
73.60427049396094
74.5477396149654
75.62592080596369
76.5695590400137
77.64748143102042
78.5914002370555
79.66891367197968
80.61315607000142
81.69042893406004
82.63493039202876
83.71181612403598
84.65659143496305
85.73330268904101
86.67856320505962
87.75480576406699
88.70034195599146
89.77632118400652
90.72209643700626
91.79778160399292
92.74390935502015
93.81924337905366
94.76570852298755
95.84078359103296
96.78748628601898
97.862400053069
98.80937764199916
99.88386479800101
100.83117082202807
101.91767643997446
